
%%
% Ratio = [0	0.125	0.25	0.375	0.5	0.625	0.75	0.875	1];
% Angle = [55	50	45	40	35	30	25	20	16];
% Height = [575	594	614	635	656	656	615	575	533];
% Gap	= [293	282	271	260	254	248	246	243	241];

Ratio = [0	0.5	1];
Angle = [55	35	16];
Height = [575 656	533];
Gap	= [293	254	241];
